1
2
10000000001
u1
1
1
1
1
1
1
1
1
1
0
2
10000000002
u2
1
1
1
1
1
1
1
1
1
0
2
10000000003
u3
1
1
1
1
1
1
1
1
1
0
2
10000000004
u4
1
1
1
1
1
1
1
1
1
0
2
10000000005
u5
1
1
1
1
1
1
1
1
1
0
2
10000000006
u6
1
1
1
1
1
1
1
1
1
0
2
10000000007
u7
1
1
1
1
1
1
1
1
1
0
2
10000000008
u8
1
1
1
1
1
1
1
1
1
0
2
10000000009
u9
1
1
1
1
1
1
1
1
1
0
2
10000000010
u10
1
1
1
1
1
1
1
1
1
0
2
10000000011
u11
1
1
1
1
1
1
1
1
1
0
2
10000000012
u12
1
1
1
1
1
1
1
1
1
0
2
10000000013
u13
1
1
1
1
1
1
1
1
1
0
2
10000000014
u14
1
1
1
1
1
1
1
1
1
0
2
10000000015
u15
1
1
1
1
1
1
1
1
1
0
2
10000000016
u16
1
1
1
1
1
1
1
1
1
0
2
10000000017
u17
1
1
1
1
1
1
1
1
1
0
2
10000000018
u18
1
1
1
1
1
1
1
1
1
0
2
10000000019
u19
1
1
1
1
1
1
1
1
1
0
2
10000000020
u20
1
1
1
1
1
1
1
1
1
0
2
10000000021
u21
1
1
1
1
1
1
1
1
1
0
2
10000000022
u22
1
1
1
1
1
1
1
1
1
0
2
10000000023
u23
1
1
1
1
1
1
1
1
1
0
2
10000000024
u24
1
1
1
1
1
1
1
1
1
0
2
10000000025
u25
1
1
1
1
1
1
1
1
1
0
2
10000000026
u26
1
1
1
1
1
1
1
1
1
0
2
10000000027
u27
1
1
1
1
1
1
1
1
1
0
2
10000000028
u28
1
1
1
1
1
1
1
1
1
0
2
10000000029
u29
1
1
1
1
1
1
1
1
1
0
2
10000000030
u30
1
1
1
1
1
1
1
1
1
0
2
10000000031
u31
1
1
1
1
1
1
1
1
1
0
2
10000000032
u32
1
1
1
1
1
1
1
1
1
0
2
10000000033
u33
1
1
1
1
1
1
1
1
1
0
2
10000000034
u34
1
1
1
1
1
1
1
1
1
0
2
10000000035
u35
1
1
1
1
1
1
1
1
1
0
2
10000000036
u36
1
1
1
1
1
1
1
1
1
0
2
10000000037
u37
1
1
1
1
1
1
1
1
1
0
2
10000000038
u38
1
1
1
1
1
1
1
1
1
0
2
10000000039
u39
1
1
1
1
1
1
1
1
1
0
2
10000000040
u40
1
1
1
1
1
1
1
1
1
0
2
10000000041
u41
1
1
1
1
1
1
1
1
1
0
2
10000000042
u42
1
1
1
1
1
1
1
1
1
0
2
10000000043
u43
1
1
1
1
1
1
1
1
1
0
2
10000000044
u44
1
1
1
1
1
1
1
1
1
0
2
10000000045
u45
1
1
1
1
1
1
1
1
1
0
2
10000000046
u46
1
1
1
1
1
1
1
1
1
0
2
10000000047
u47
1
1
1
1
1
1
1
1
1
0
2
10000000048
u48
1
1
1
1
1
1
1
1
1
0
2
10000000049
u49
1
1
1
1
1
1
1
1
1
0
2
10000000050
u50
1
1
1
1
1
1
1
1
1
0
2
10000000051
u51
1
1
1
1
1
1
1
1
1
0
2
10000000052
u52
1
1
1
1
1
1
1
1
1
0
2
10000000053
u53
1
1
1
1
1
1
1
1
1
0
2
10000000054
u54
1
1
1
1
1
1
1
1
1
0
2
10000000055
u55
1
1
1
1
1
1
1
1
1
0
2
10000000056
u56
1
1
1
1
1
1
1
1
1
0
2
10000000057
u57
1
1
1
1
1
1
1
1
1
0
2
10000000058
u58
1
1
1
1
1
1
1
1
1
0
2
10000000059
u59
1
1
1
1
1
1
1
1
1
0
2
10000000060
u60
1
1
1
1
1
1
1
1
1
0
2
10000000061
u61
1
1
1
1
1
1
1
1
1
0
2
10000000062
u62
1
1
1
1
1
1
1
1
1
0
2
10000000063
u63
1
1
1
1
1
1
1
1
1
0
2
10000000064
u64
1
1
1
1
1
1
1
1
1
0
2
10000000065
u65
1
1
1
1
1
1
1
1
1
0
2
10000000066
u66
1
1
1
1
1
1
1
1
1
0
2
10000000067
u67
1
1
1
1
1
1
1
1
1
0
2
10000000068
u68
1
1
1
1
1
1
1
1
1
0
2
10000000069
u69
1
1
1
1
1
1
1
1
1
0
2
10000000070
u70
1
1
1
1
1
1
1
1
1
0
2
10000000071
u71
1
1
1
1
1
1
1
1
1
0
2
10000000072
u72
1
1
1
1
1
1
1
1
1
0
2
10000000073
u73
1
1
1
1
1
1
1
1
1
0
2
10000000074
u74
1
1
1
1
1
1
1
1
1
0
2
10000000075
u75
1
1
1
1
1
1
1
1
1
0
2
10000000076
u76
1
1
1
1
1
1
1
1
1
0
2
10000000077
u77
1
1
1
1
1
1
1
1
1
0
2
10000000078
u78
1
1
1
1
1
1
1
1
1
0
2
10000000079
u79
1
1
1
1
1
1
1
1
1
0
2
10000000080
u80
1
1
1
1
1
1
1
1
1
0
2
10000000081
u81
1
1
1
1
1
1
1
1
1
0
2
10000000082
u82
1
1
1
1
1
1
1
1
1
0
2
10000000083
u83
1
1
1
1
1
1
1
1
1
0
2
10000000084
u84
1
1
1
1
1
1
1
1
1
0
2
10000000085
u85
1
1
1
1
1
1
1
1
1
0
2
10000000086
u86
1
1
1
1
1
1
1
1
1
0
2
10000000087
u87
1
1
1
1
1
1
1
1
1
0
2
10000000088
u88
1
1
1
1
1
1
1
1
1
0
2
10000000089
u89
1
1
1
1
1
1
1
1
1
0
2
10000000090
u90
1
1
1
1
1
1
1
1
1
0
2
10000000091
u91
1
1
1
1
1
1
1
1
1
0
2
10000000092
u92
1
1
1
1
1
1
1
1
1
0
2
10000000093
u93
1
1
1
1
1
1
1
1
1
0
2
10000000094
u94
1
1
1
1
1
1
1
1
1
0
2
10000000095
u95
1
1
1
1
1
1
1
1
1
0
2
10000000096
u96
1
1
1
1
1
1
1
1
1
0
2
10000000097
u97
1
1
1
1
1
1
1
1
1
0
2
10000000098
u98
1
1
1
1
1
1
1
1
1
0
2
10000000099
u99
1
1
1
1
1
1
1
1
1
0
2
10000000100
u100
1
1
1
1
1
1
1
1
1
0
2
10000000101
u101
1
1
1
1
1
1
1
1
1
0
2
10000000102
u102
1
1
1
1
1
1
1
1
1
0
2
10000000103
u103
1
1
1
1
1
1
1
1
1
0
2
10000000104
u104
1
1
1
1
1
1
1
1
1
0
2
10000000105
u105
1
1
1
1
1
1
1
1
1
0
2
10000000106
u106
1
1
1
1
1
1
1
1
1
0
2
10000000107
u107
1
1
1
1
1
1
1
1
1
0
2
10000000108
u108
1
1
1
1
1
1
1
1
1
0
2
10000000109
u109
1
1
1
1
1
1
1
1
1
0
2
10000000110
u110
1
1
1
1
1
1
1
1
1
0
2
10000000111
u111
1
1
1
1
1
1
1
1
1
0
2
10000000112
u112
1
1
1
1
1
1
1
1
1
0
2
10000000113
u113
1
1
1
1
1
1
1
1
1
0
2
10000000114
u114
1
1
1
1
1
1
1
1
1
0
2
10000000115
u115
1
1
1
1
1
1
1
1
1
0
2
10000000116
u116
1
1
1
1
1
1
1
1
1
0
2
10000000117
u117
1
1
1
1
1
1
1
1
1
0
2
10000000118
u118
1
1
1
1
1
1
1
1
1
0
2
10000000119
u119
1
1
1
1
1
1
1
1
1
0
2
10000000120
u120
1
1
1
1
1
1
1
1
1
0
2
10000000121
u121
1
1
1
1
1
1
1
1
1
0
2
10000000122
u122
1
1
1
1
1
1
1
1
1
0
2
10000000123
u123
1
1
1
1
1
1
1
1
1
0
2
10000000124
u124
1
1
1
1
1
1
1
1
1
0
2
10000000125
u125
1
1
1
1
1
1
1
1
1
0
2
10000000126
u126
1
1
1
1
1
1
1
1
1
0
2
10000000127
u127
1
1
1
1
1
1
1
1
1
0
2
10000000128
u128
1
1
1
1
1
1
1
1
1
0
2
10000000129
u129
1
1
1
1
1
1
1
1
1
0
2
10000000130
u130
1
1
1
1
1
1
1
1
1
0
2
10000000131
u131
1
1
1
1
1
1
1
1
1
0
2
10000000132
u132
1
1
1
1
1
1
1
1
1
0
2
10000000133
u133
1
1
1
1
1
1
1
1
1
0
2
10000000134
u134
1
1
1
1
1
1
1
1
1
0
2
10000000135
u135
1
1
1
1
1
1
1
1
1
0
2
10000000136
u136
1
1
1
1
1
1
1
1
1
0
2
10000000137
u137
1
1
1
1
1
1
1
1
1
0
2
10000000138
u138
1
1
1
1
1
1
1
1
1
0
2
10000000139
u139
1
1
1
1
1
1
1
1
1
0
2
10000000140
u140
1
1
1
1
1
1
1
1
1
0
2
10000000141
u141
1
1
1
1
1
1
1
1
1
0
2
10000000142
u142
1
1
1
1
1
1
1
1
1
0
2
10000000143
u143
1
1
1
1
1
1
1
1
1
0
2
10000000144
u144
1
1
1
1
1
1
1
1
1
0
2
10000000145
u145
1
1
1
1
1
1
1
1
1
0
2
10000000146
u146
1
1
1
1
1
1
1
1
1
0
2
10000000147
u147
1
1
1
1
1
1
1
1
1
0
2
10000000148
u148
1
1
1
1
1
1
1
1
1
0
2
10000000149
u149
1
1
1
1
1
1
1
1
1
0
2
10000000150
u150
1
1
1
1
1
1
1
1
1
0
2
10000000151
u151
1
1
1
1
1
1
1
1
1
0
2
10000000152
u152
1
1
1
1
1
1
1
1
1
0
2
10000000153
u153
1
1
1
1
1
1
1
1
1
0
2
10000000154
u154
1
1
1
1
1
1
1
1
1
0
2
10000000155
u155
1
1
1
1
1
1
1
1
1
0
2
10000000156
u156
1
1
1
1
1
1
1
1
1
0
2
10000000157
u157
1
1
1
1
1
1
1
1
1
0
2
10000000158
u158
1
1
1
1
1
1
1
1
1
0
2
10000000159
u159
1
1
1
1
1
1
1
1
1
0
2
10000000160
u160
1
1
1
1
1
1
1
1
1
0
2
10000000161
u161
1
1
1
1
1
1
1
1
1
0
2
10000000162
u162
1
1
1
1
1
1
1
1
1
0
2
10000000163
u163
1
1
1
1
1
1
1
1
1
0
2
10000000164
u164
1
1
1
1
1
1
1
1
1
0
2
10000000165
u165
1
1
1
1
1
1
1
1
1
0
2
10000000166
u166
1
1
1
1
1
1
1
1
1
0
2
10000000167
u167
1
1
1
1
1
1
1
1
1
0
2
10000000168
u168
1
1
1
1
1
1
1
1
1
0
2
10000000169
u169
1
1
1
1
1
1
1
1
1
0
2
10000000170
u170
1
1
1
1
1
1
1
1
1
0
2
10000000171
u171
1
1
1
1
1
1
1
1
1
0
2
10000000172
u172
1
1
1
1
1
1
1
1
1
0
2
10000000173
u173
1
1
1
1
1
1
1
1
1
0
2
10000000174
u174
1
1
1
1
1
1
1
1
1
0
2
10000000175
u175
1
1
1
1
1
1
1
1
1
0
2
10000000176
u176
1
1
1
1
1
1
1
1
1
0
2
10000000177
u177
1
1
1
1
1
1
1
1
1
0
2
10000000178
u178
1
1
1
1
1
1
1
1
1
0
2
10000000179
u179
1
1
1
1
1
1
1
1
1
0
2
10000000180
u180
1
1
1
1
1
1
1
1
1
0
2
10000000181
u181
1
1
1
1
1
1
1
1
1
0
2
10000000182
u182
1
1
1
1
1
1
1
1
1
0
2
10000000183
u183
1
1
1
1
1
1
1
1
1
0
2
10000000184
u184
1
1
1
1
1
1
1
1
1
0
2
10000000185
u185
1
1
1
1
1
1
1
1
1
0
2
10000000186
u186
1
1
1
1
1
1
1
1
1
0
2
10000000187
u187
1
1
1
1
1
1
1
1
1
0
2
10000000188
u188
1
1
1
1
1
1
1
1
1
0
2
10000000189
u189
1
1
1
1
1
1
1
1
1
0
2
10000000190
u190
1
1
1
1
1
1
1
1
1
0
2
10000000191
u191
1
1
1
1
1
1
1
1
1
0
2
10000000192
u192
1
1
1
1
1
1
1
1
1
0
2
10000000193
u193
1
1
1
1
1
1
1
1
1
0
2
10000000194
u194
1
1
1
1
1
1
1
1
1
0
2
10000000195
u195
1
1
1
1
1
1
1
1
1
0
2
10000000196
u196
1
1
1
1
1
1
1
1
1
0
2
10000000197
u197
1
1
1
1
1
1
1
1
1
0
2
10000000198
u198
1
1
1
1
1
1
1
1
1
0
2
10000000199
u199
1
1
1
1
1
1
1
1
1
0
2
10000000200
u200
1
1
1
1
1
1
1
1
1
0
2
10000000201
u201
1
1
1
1
1
1
1
1
1
0
2
10000000202
u202
1
1
1
1
1
1
1
1
1
0
2
10000000203
u203
1
1
1
1
1
1
1
1
1
0
2
10000000204
u204
1
1
1
1
1
1
1
1
1
0
2
10000000205
u205
1
1
1
1
1
1
1
1
1
0
2
10000000206
u206
1
1
1
1
1
1
1
1
1
0
2
10000000207
u207
1
1
1
1
1
1
1
1
1
0
2
10000000208
u208
1
1
1
1
1
1
1
1
1
0
2
10000000209
u209
1
1
1
1
1
1
1
1
1
0
2
10000000210
u210
1
1
1
1
1
1
1
1
1
0
2
10000000211
u211
1
1
1
1
1
1
1
1
1
0
2
10000000212
u212
1
1
1
1
1
1
1
1
1
0
2
10000000213
u213
1
1
1
1
1
1
1
1
1
0
2
10000000214
u214
1
1
1
1
1
1
1
1
1
0
2
10000000215
u215
1
1
1
1
1
1
1
1
1
0
2
10000000216
u216
1
1
1
1
1
1
1
1
1
0
2
10000000217
u217
1
1
1
1
1
1
1
1
1
0
2
10000000218
u218
1
1
1
1
1
1
1
1
1
0
2
10000000219
u219
1
1
1
1
1
1
1
1
1
0
2
10000000220
u220
1
1
1
1
1
1
1
1
1
0
2
10000000221
u221
1
1
1
1
1
1
1
1
1
0
2
10000000222
u222
1
1
1
1
1
1
1
1
1
0
2
10000000223
u223
1
1
1
1
1
1
1
1
1
0
2
10000000224
u224
1
1
1
1
1
1
1
1
1
0
2
10000000225
u225
1
1
1
1
1
1
1
1
1
0
2
10000000226
u226
1
1
1
1
1
1
1
1
1
0
2
10000000227
u227
1
1
1
1
1
1
1
1
1
0
2
10000000228
u228
1
1
1
1
1
1
1
1
1
0
2
10000000229
u229
1
1
1
1
1
1
1
1
1
0
2
10000000230
u230
1
1
1
1
1
1
1
1
1
0
2
10000000231
u231
1
1
1
1
1
1
1
1
1
0
2
10000000232
u232
1
1
1
1
1
1
1
1
1
0
2
10000000233
u233
1
1
1
1
1
1
1
1
1
0
2
10000000234
u234
1
1
1
1
1
1
1
1
1
0
2
10000000235
u235
1
1
1
1
1
1
1
1
1
0
2
10000000236
u236
1
1
1
1
1
1
1
1
1
0
2
10000000237
u237
1
1
1
1
1
1
1
1
1
0
2
10000000238
u238
1
1
1
1
1
1
1
1
1
0
2
10000000239
u239
1
1
1
1
1
1
1
1
1
0
2
10000000240
u240
1
1
1
1
1
1
1
1
1
0
2
10000000241
u241
1
1
1
1
1
1
1
1
1
0
2
10000000242
u242
1
1
1
1
1
1
1
1
1
0
2
10000000243
u243
1
1
1
1
1
1
1
1
1
0
2
10000000244
u244
1
1
1
1
1
1
1
1
1
0
2
10000000245
u245
1
1
1
1
1
1
1
1
1
0
2
10000000246
u246
1
1
1
1
1
1
1
1
1
0
2
10000000247
u247
1
1
1
1
1
1
1
1
1
0
2
10000000248
u248
1
1
1
1
1
1
1
1
1
0
2
10000000249
u249
1
1
1
1
1
1
1
1
1
0
2
10000000250
u250
1
1
1
1
1
1
1
1
1
0
2
10000000251
u251
1
1
1
1
1
1
1
1
1
0
2
10000000252
u252
1
1
1
1
1
1
1
1
1
0
2
10000000253
u253
1
1
1
1
1
1
1
1
1
0
2
10000000254
u254
1
1
1
1
1
1
1
1
1
0
2
10000000255
u255
1
1
1
1
1
1
1
1
1
0
2
10000000256
u256
1
1
1
1
1
1
1
1
1
0
2
10000000257
u257
1
1
1
1
1
1
1
1
1
0
2
10000000258
u258
1
1
1
1
1
1
1
1
1
0
2
10000000259
u259
1
1
1
1
1
1
1
1
1
0
2
10000000260
u260
1
1
1
1
1
1
1
1
1
0
2
10000000261
u261
1
1
1
1
1
1
1
1
1
0
2
10000000262
u262
1
1
1
1
1
1
1
1
1
0
2
10000000263
u263
1
1
1
1
1
1
1
1
1
0
2
10000000264
u264
1
1
1
1
1
1
1
1
1
0
2
10000000265
u265
1
1
1
1
1
1
1
1
1
0
2
10000000266
u266
1
1
1
1
1
1
1
1
1
0
2
10000000267
u267
1
1
1
1
1
1
1
1
1
0
2
10000000268
u268
1
1
1
1
1
1
1
1
1
0
2
10000000269
u269
1
1
1
1
1
1
1
1
1
0
2
10000000270
u270
1
1
1
1
1
1
1
1
1
0
2
10000000271
u271
1
1
1
1
1
1
1
1
1
0
2
10000000272
u272
1
1
1
1
1
1
1
1
1
0
2
10000000273
u273
1
1
1
1
1
1
1
1
1
0
2
10000000274
u274
1
1
1
1
1
1
1
1
1
0
2
10000000275
u275
1
1
1
1
1
1
1
1
1
0
2
10000000276
u276
1
1
1
1
1
1
1
1
1
0
2
10000000277
u277
1
1
1
1
1
1
1
1
1
0
2
10000000278
u278
1
1
1
1
1
1
1
1
1
0
2
10000000279
u279
1
1
1
1
1
1
1
1
1
0
2
10000000280
u280
1
1
1
1
1
1
1
1
1
0
2
10000000281
u281
1
1
1
1
1
1
1
1
1
0
2
10000000282
u282
1
1
1
1
1
1
1
1
1
0
2
10000000283
u283
1
1
1
1
1
1
1
1
1
0
2
10000000284
u284
1
1
1
1
1
1
1
1
1
0
2
10000000285
u285
1
1
1
1
1
1
1
1
1
0
2
10000000286
u286
1
1
1
1
1
1
1
1
1
0
2
10000000287
u287
1
1
1
1
1
1
1
1
1
0
2
10000000288
u288
1
1
1
1
1
1
1
1
1
0
2
10000000289
u289
1
1
1
1
1
1
1
1
1
0
2
10000000290
u290
1
1
1
1
1
1
1
1
1
0
2
10000000291
u291
1
1
1
1
1
1
1
1
1
0
2
10000000292
u292
1
1
1
1
1
1
1
1
1
0
2
10000000293
u293
1
1
1
1
1
1
1
1
1
0
2
10000000294
u294
1
1
1
1
1
1
1
1
1
0
2
10000000295
u295
1
1
1
1
1
1
1
1
1
0
2
10000000296
u296
1
1
1
1
1
1
1
1
1
0
2
10000000297
u297
1
1
1
1
1
1
1
1
1
0
2
10000000298
u298
1
1
1
1
1
1
1
1
1
0
2
10000000299
u299
1
1
1
1
1
1
1
1
1
0
2
10000000300
u300
1
1
1
1
1
1
1
1
1
0
2
10000000301
u301
1
1
1
1
1
1
1
1
1
0
2
10000000302
u302
1
1
1
1
1
1
1
1
1
0
2
10000000303
u303
1
1
1
1
1
1
1
1
1
0
2
10000000304
u304
1
1
1
1
1
1
1
1
1
0
2
10000000305
u305
1
1
1
1
1
1
1
1
1
0
2
10000000306
u306
1
1
1
1
1
1
1
1
1
0
2
10000000307
u307
1
1
1
1
1
1
1
1
1
0
2
10000000308
u308
1
1
1
1
1
1
1
1
1
0
2
10000000309
u309
1
1
1
1
1
1
1
1
1
0
2
10000000310
u310
1
1
1
1
1
1
1
1
1
0
2
10000000311
u311
1
1
1
1
1
1
1
1
1
0
2
10000000312
u312
1
1
1
1
1
1
1
1
1
0
2
10000000313
u313
1
1
1
1
1
1
1
1
1
0
2
10000000314
u314
1
1
1
1
1
1
1
1
1
0
2
10000000315
u315
1
1
1
1
1
1
1
1
1
0
2
10000000316
u316
1
1
1
1
1
1
1
1
1
0
2
10000000317
u317
1
1
1
1
1
1
1
1
1
0
2
10000000318
u318
1
1
1
1
1
1
1
1
1
0
2
10000000319
u319
1
1
1
1
1
1
1
1
1
0
2
10000000320
u320
1
1
1
1
1
1
1
1
1
0
2
10000000321
u321
1
1
1
1
1
1
1
1
1
0
2
10000000322
u322
1
1
1
1
1
1
1
1
1
0
2
10000000323
u323
1
1
1
1
1
1
1
1
1
0
2
10000000324
u324
1
1
1
1
1
1
1
1
1
0
2
10000000325
u325
1
1
1
1
1
1
1
1
1
0
2
10000000326
u326
1
1
1
1
1
1
1
1
1
0
2
10000000327
u327
1
1
1
1
1
1
1
1
1
0
2
10000000328
u328
1
1
1
1
1
1
1
1
1
0
2
10000000329
u329
1
1
1
1
1
1
1
1
1
0
2
10000000330
u330
1
1
1
1
1
1
1
1
1
0
2
10000000331
u331
1
1
1
1
1
1
1
1
1
0
2
10000000332
u332
1
1
1
1
1
1
1
1
1
0
2
10000000333
u333
1
1
1
1
1
1
1
1
1
0
2
10000000334
u334
1
1
1
1
1
1
1
1
1
0
2
10000000335
u335
1
1
1
1
1
1
1
1
1
0
2
10000000336
u336
1
1
1
1
1
1
1
1
1
0
2
10000000337
u337
1
1
1
1
1
1
1
1
1
0
2
10000000338
u338
1
1
1
1
1
1
1
1
1
0
2
10000000339
u339
1
1
1
1
1
1
1
1
1
0
2
10000000340
u340
1
1
1
1
1
1
1
1
1
0
2
10000000341
u341
1
1
1
1
1
1
1
1
1
0
2
10000000342
u342
1
1
1
1
1
1
1
1
1
0
2
10000000343
u343
1
1
1
1
1
1
1
1
1
0
2
10000000344
u344
1
1
1
1
1
1
1
1
1
0
2
10000000345
u345
1
1
1
1
1
1
1
1
1
0
2
10000000346
u346
1
1
1
1
1
1
1
1
1
0
2
10000000347
u347
1
1
1
1
1
1
1
1
1
0
2
10000000348
u348
1
1
1
1
1
1
1
1
1
0
2
10000000349
u349
1
1
1
1
1
1
1
1
1
0
2
10000000350
u350
1
1
1
1
1
1
1
1
1
0
2
10000000351
u351
1
1
1
1
1
1
1
1
1
0
2
10000000352
u352
1
1
1
1
1
1
1
1
1
0
2
10000000353
u353
1
1
1
1
1
1
1
1
1
0
2
10000000354
u354
1
1
1
1
1
1
1
1
1
0
2
10000000355
u355
1
1
1
1
1
1
1
1
1
0
2
10000000356
u356
1
1
1
1
1
1
1
1
1
0
2
10000000357
u357
1
1
1
1
1
1
1
1
1
0
2
10000000358
u358
1
1
1
1
1
1
1
1
1
0
2
10000000359
u359
1
1
1
1
1
1
1
1
1
0
2
10000000360
u360
1
1
1
1
1
1
1
1
1
0
2
10000000361
u361
1
1
1
1
1
1
1
1
1
0
2
10000000362
u362
1
1
1
1
1
1
1
1
1
0
2
10000000363
u363
1
1
1
1
1
1
1
1
1
0
2
10000000364
u364
1
1
1
1
1
1
1
1
1
0
2
10000000365
u365
1
1
1
1
1
1
1
1
1
0
2
10000000366
u366
1
1
1
1
1
1
1
1
1
0
2
10000000367
u367
1
1
1
1
1
1
1
1
1
0
2
10000000368
u368
1
1
1
1
1
1
1
1
1
0
2
10000000369
u369
1
1
1
1
1
1
1
1
1
0
2
10000000370
u370
1
1
1
1
1
1
1
1
1
0
2
10000000371
u371
1
1
1
1
1
1
1
1
1
0
2
10000000372
u372
1
1
1
1
1
1
1
1
1
0
2
10000000373
u373
1
1
1
1
1
1
1
1
1
0
2
10000000374
u374
1
1
1
1
1
1
1
1
1
0
2
10000000375
u375
1
1
1
1
1
1
1
1
1
0
2
10000000376
u376
1
1
1
1
1
1
1
1
1
0
2
10000000377
u377
1
1
1
1
1
1
1
1
1
0
2
10000000378
u378
1
1
1
1
1
1
1
1
1
0
2
10000000379
u379
1
1
1
1
1
1
1
1
1
0
2
10000000380
u380
1
1
1
1
1
1
1
1
1
0
2
10000000381
u381
1
1
1
1
1
1
1
1
1
0
2
10000000382
u382
1
1
1
1
1
1
1
1
1
0
2
10000000383
u383
1
1
1
1
1
1
1
1
1
0
2
10000000384
u384
1
1
1
1
1
1
1
1
1
0
2
10000000385
u385
1
1
1
1
1
1
1
1
1
0
2
10000000386
u386
1
1
1
1
1
1
1
1
1
0
2
10000000387
u387
1
1
1
1
1
1
1
1
1
0
2
10000000388
u388
1
1
1
1
1
1
1
1
1
0
2
10000000389
u389
1
1
1
1
1
1
1
1
1
0
2
10000000390
u390
1
1
1
1
1
1
1
1
1
0
2
10000000391
u391
1
1
1
1
1
1
1
1
1
0
2
10000000392
u392
1
1
1
1
1
1
1
1
1
0
2
10000000393
u393
1
1
1
1
1
1
1
1
1
0
2
10000000394
u394
1
1
1
1
1
1
1
1
1
0
2
10000000395
u395
1
1
1
1
1
1
1
1
1
0
2
10000000396
u396
1
1
1
1
1
1
1
1
1
0
2
10000000397
u397
1
1
1
1
1
1
1
1
1
0
2
10000000398
u398
1
1
1
1
1
1
1
1
1
0
2
10000000399
u399
1
1
1
1
1
1
1
1
1
0
2
10000000400
u400
1
1
1
1
1
1
1
1
1
0
2
10000000401
u401
1
1
1
1
1
1
1
1
1
0
2
10000000402
u402
1
1
1
1
1
1
1
1
1
0
2
10000000403
u403
1
1
1
1
1
1
1
1
1
0
2
10000000404
u404
1
1
1
1
1
1
1
1
1
0
2
10000000405
u405
1
1
1
1
1
1
1
1
1
0
2
10000000406
u406
1
1
1
1
1
1
1
1
1
0
2
10000000407
u407
1
1
1
1
1
1
1
1
1
0
2
10000000408
u408
1
1
1
1
1
1
1
1
1
0
2
10000000409
u409
1
1
1
1
1
1
1
1
1
0
2
10000000410
u410
1
1
1
1
1
1
1
1
1
0
2
10000000411
u411
1
1
1
1
1
1
1
1
1
0
2
10000000412
u412
1
1
1
1
1
1
1
1
1
0
2
10000000413
u413
1
1
1
1
1
1
1
1
1
0
2
10000000414
u414
1
1
1
1
1
1
1
1
1
0
2
10000000415
u415
1
1
1
1
1
1
1
1
1
0
2
10000000416
u416
1
1
1
1
1
1
1
1
1
0
2
10000000417
u417
1
1
1
1
1
1
1
1
1
0
2
10000000418
u418
1
1
1
1
1
1
1
1
1
0
2
10000000419
u419
1
1
1
1
1
1
1
1
1
0
2
10000000420
u420
1
1
1
1
1
1
1
1
1
0
2
10000000421
u421
1
1
1
1
1
1
1
1
1
0
2
10000000422
u422
1
1
1
1
1
1
1
1
1
0
2
10000000423
u423
1
1
1
1
1
1
1
1
1
0
2
10000000424
u424
1
1
1
1
1
1
1
1
1
0
2
10000000425
u425
1
1
1
1
1
1
1
1
1
0
2
10000000426
u426
1
1
1
1
1
1
1
1
1
0
2
10000000427
u427
1
1
1
1
1
1
1
1
1
0
2
10000000428
u428
1
1
1
1
1
1
1
1
1
0
2
10000000429
u429
1
1
1
1
1
1
1
1
1
0
2
10000000430
u430
1
1
1
1
1
1
1
1
1
0
2
10000000431
u431
1
1
1
1
1
1
1
1
1
0
2
10000000432
u432
1
1
1
1
1
1
1
1
1
0
2
10000000433
u433
1
1
1
1
1
1
1
1
1
0
2
10000000434
u434
1
1
1
1
1
1
1
1
1
0
2
10000000435
u435
1
1
1
1
1
1
1
1
1
0
2
10000000436
u436
1
1
1
1
1
1
1
1
1
0
2
10000000437
u437
1
1
1
1
1
1
1
1
1
0
2
10000000438
u438
1
1
1
1
1
1
1
1
1
0
2
10000000439
u439
1
1
1
1
1
1
1
1
1
0
2
10000000440
u440
1
1
1
1
1
1
1
1
1
0
2
10000000441
u441
1
1
1
1
1
1
1
1
1
0
2
10000000442
u442
1
1
1
1
1
1
1
1
1
0
2
10000000443
u443
1
1
1
1
1
1
1
1
1
0
2
10000000444
u444
1
1
1
1
1
1
1
1
1
0
2
10000000445
u445
1
1
1
1
1
1
1
1
1
0
2
10000000446
u446
1
1
1
1
1
1
1
1
1
0
2
10000000447
u447
1
1
1
1
1
1
1
1
1
0
2
10000000448
u448
1
1
1
1
1
1
1
1
1
0
2
10000000449
u449
1
1
1
1
1
1
1
1
1
0
2
10000000450
u450
1
1
1
1
1
1
1
1
1
0
2
10000000451
u451
1
1
1
1
1
1
1
1
1
0
2
10000000452
u452
1
1
1
1
1
1
1
1
1
0
2
10000000453
u453
1
1
1
1
1
1
1
1
1
0
2
10000000454
u454
1
1
1
1
1
1
1
1
1
0
2
10000000455
u455
1
1
1
1
1
1
1
1
1
0
2
10000000456
u456
1
1
1
1
1
1
1
1
1
0
2
10000000457
u457
1
1
1
1
1
1
1
1
1
0
2
10000000458
u458
1
1
1
1
1
1
1
1
1
0
2
10000000459
u459
1
1
1
1
1
1
1
1
1
0
2
10000000460
u460
1
1
1
1
1
1
1
1
1
0
2
10000000461
u461
1
1
1
1
1
1
1
1
1
0
2
10000000462
u462
1
1
1
1
1
1
1
1
1
0
2
10000000463
u463
1
1
1
1
1
1
1
1
1
0
2
10000000464
u464
1
1
1
1
1
1
1
1
1
0
2
10000000465
u465
1
1
1
1
1
1
1
1
1
0
2
10000000466
u466
1
1
1
1
1
1
1
1
1
0
2
10000000467
u467
1
1
1
1
1
1
1
1
1
0
2
10000000468
u468
1
1
1
1
1
1
1
1
1
0
2
10000000469
u469
1
1
1
1
1
1
1
1
1
0
2
10000000470
u470
1
1
1
1
1
1
1
1
1
0
2
10000000471
u471
1
1
1
1
1
1
1
1
1
0
2
10000000472
u472
1
1
1
1
1
1
1
1
1
0
2
10000000473
u473
1
1
1
1
1
1
1
1
1
0
2
10000000474
u474
1
1
1
1
1
1
1
1
1
0
2
10000000475
u475
1
1
1
1
1
1
1
1
1
0
2
10000000476
u476
1
1
1
1
1
1
1
1
1
0
2
10000000477
u477
1
1
1
1
1
1
1
1
1
0
2
10000000478
u478
1
1
1
1
1
1
1
1
1
0
2
10000000479
u479
1
1
1
1
1
1
1
1
1
0
2
10000000480
u480
1
1
1
1
1
1
1
1
1
0
2
10000000481
u481
1
1
1
1
1
1
1
1
1
0
2
10000000482
u482
1
1
1
1
1
1
1
1
1
0
2
10000000483
u483
1
1
1
1
1
1
1
1
1
0
2
10000000484
u484
1
1
1
1
1
1
1
1
1
0
2
10000000485
u485
1
1
1
1
1
1
1
1
1
0
2
10000000486
u486
1
1
1
1
1
1
1
1
1
0
2
10000000487
u487
1
1
1
1
1
1
1
1
1
0
2
10000000488
u488
1
1
1
1
1
1
1
1
1
0
2
10000000489
u489
1
1
1
1
1
1
1
1
1
0
2
10000000490
u490
1
1
1
1
1
1
1
1
1
0
2
10000000491
u491
1
1
1
1
1
1
1
1
1
0
2
10000000492
u492
1
1
1
1
1
1
1
1
1
0
2
10000000493
u493
1
1
1
1
1
1
1
1
1
0
2
10000000494
u494
1
1
1
1
1
1
1
1
1
0
2
10000000495
u495
1
1
1
1
1
1
1
1
1
0
2
10000000496
u496
1
1
1
1
1
1
1
1
1
0
2
10000000497
u497
1
1
1
1
1
1
1
1
1
0
2
10000000498
u498
1
1
1
1
1
1
1
1
1
0
2
10000000499
u499
1
1
1
1
1
1
1
1
1
0
2
10000000500
u500
1
1
1
1
1
1
1
1
1
0
2
10000000501
u501
1
1
1
1
1
1
1
1
1
0
2
10000000502
u502
1
1
1
1
1
1
1
1
1
0
2
10000000503
u503
1
1
1
1
1
1
1
1
1
0
2
10000000504
u504
1
1
1
1
1
1
1
1
1
0
2
10000000505
u505
1
1
1
1
1
1
1
1
1
0
2
10000000506
u506
1
1
1
1
1
1
1
1
1
0
2
10000000507
u507
1
1
1
1
1
1
1
1
1
0
2
10000000508
u508
1
1
1
1
1
1
1
1
1
0
2
10000000509
u509
1
1
1
1
1
1
1
1
1
0
2
10000000510
u510
1
1
1
1
1
1
1
1
1
0
2
10000000511
u511
1
1
1
1
1
1
1
1
1
0
2
10000000512
u512
1
1
1
1
1
1
1
1
1
0
2
10000000513
u513
1
1
1
1
1
1
1
1
1
0
2
10000000514
u514
1
1
1
1
1
1
1
1
1
0
2
10000000515
u515
1
1
1
1
1
1
1
1
1
0
2
10000000516
u516
1
1
1
1
1
1
1
1
1
0
2
10000000517
u517
1
1
1
1
1
1
1
1
1
0
2
10000000518
u518
1
1
1
1
1
1
1
1
1
0
2
10000000519
u519
1
1
1
1
1
1
1
1
1
0
2
10000000520
u520
1
1
1
1
1
1
1
1
1
0
2
10000000521
u521
1
1
1
1
1
1
1
1
1
0
2
10000000522
u522
1
1
1
1
1
1
1
1
1
0
2
10000000523
u523
1
1
1
1
1
1
1
1
1
0
2
10000000524
u524
1
1
1
1
1
1
1
1
1
0
2
10000000525
u525
1
1
1
1
1
1
1
1
1
0
2
10000000526
u526
1
1
1
1
1
1
1
1
1
0
2
10000000527
u527
1
1
1
1
1
1
1
1
1
0
2
10000000528
u528
1
1
1
1
1
1
1
1
1
0
2
10000000529
u529
1
1
1
1
1
1
1
1
1
0
2
10000000530
u530
1
1
1
1
1
1
1
1
1
0
2
10000000531
u531
1
1
1
1
1
1
1
1
1
0
2
10000000532
u532
1
1
1
1
1
1
1
1
1
0
2
10000000533
u533
1
1
1
1
1
1
1
1
1
0
2
10000000534
u534
1
1
1
1
1
1
1
1
1
0
2
10000000535
u535
1
1
1
1
1
1
1
1
1
0
2
10000000536
u536
1
1
1
1
1
1
1
1
1
0
2
10000000537
u537
1
1
1
1
1
1
1
1
1
0
2
10000000538
u538
1
1
1
1
1
1
1
1
1
0
2
10000000539
u539
1
1
1
1
1
1
1
1
1
0
2
10000000540
u540
1
1
1
1
1
1
1
1
1
0
2
10000000541
u541
1
1
1
1
1
1
1
1
1
0
2
10000000542
u542
1
1
1
1
1
1
1
1
1
0
2
10000000543
u543
1
1
1
1
1
1
1
1
1
0
2
10000000544
u544
1
1
1
1
1
1
1
1
1
0
2
10000000545
u545
1
1
1
1
1
1
1
1
1
0
2
10000000546
u546
1
1
1
1
1
1
1
1
1
0
2
10000000547
u547
1
1
1
1
1
1
1
1
1
0
2
10000000548
u548
1
1
1
1
1
1
1
1
1
0
2
10000000549
u549
1
1
1
1
1
1
1
1
1
0
2
10000000550
u550
1
1
1
1
1
1
1
1
1
0
2
10000000551
u551
1
1
1
1
1
1
1
1
1
0
2
10000000552
u552
1
1
1
1
1
1
1
1
1
0
2
10000000553
u553
1
1
1
1
1
1
1
1
1
0
2
10000000554
u554
1
1
1
1
1
1
1
1
1
0
2
10000000555
u555
1
1
1
1
1
1
1
1
1
0
2
10000000556
u556
1
1
1
1
1
1
1
1
1
0
2
10000000557
u557
1
1
1
1
1
1
1
1
1
0
2
10000000558
u558
1
1
1
1
1
1
1
1
1
0
2
10000000559
u559
1
1
1
1
1
1
1
1
1
0
2
10000000560
u560
1
1
1
1
1
1
1
1
1
0
2
10000000561
u561
1
1
1
1
1
1
1
1
1
0
2
10000000562
u562
1
1
1
1
1
1
1
1
1
0
2
10000000563
u563
1
1
1
1
1
1
1
1
1
0
2
10000000564
u564
1
1
1
1
1
1
1
1
1
0
2
10000000565
u565
1
1
1
1
1
1
1
1
1
0
2
10000000566
u566
1
1
1
1
1
1
1
1
1
0
2
10000000567
u567
1
1
1
1
1
1
1
1
1
0
2
10000000568
u568
1
1
1
1
1
1
1
1
1
0
2
10000000569
u569
1
1
1
1
1
1
1
1
1
0
2
10000000570
u570
1
1
1
1
1
1
1
1
1
0
2
10000000571
u571
1
1
1
1
1
1
1
1
1
0
2
10000000572
u572
1
1
1
1
1
1
1
1
1
0
2
10000000573
u573
1
1
1
1
1
1
1
1
1
0
2
10000000574
u574
1
1
1
1
1
1
1
1
1
0
2
10000000575
u575
1
1
1
1
1
1
1
1
1
0
2
10000000576
u576
1
1
1
1
1
1
1
1
1
0
2
10000000577
u577
1
1
1
1
1
1
1
1
1
0
2
10000000578
u578
1
1
1
1
1
1
1
1
1
0
2
10000000579
u579
1
1
1
1
1
1
1
1
1
0
2
10000000580
u580
1
1
1
1
1
1
1
1
1
0
2
10000000581
u581
1
1
1
1
1
1
1
1
1
0
2
10000000582
u582
1
1
1
1
1
1
1
1
1
0
2
10000000583
u583
1
1
1
1
1
1
1
1
1
0
2
10000000584
u584
1
1
1
1
1
1
1
1
1
0
2
10000000585
u585
1
1
1
1
1
1
1
1
1
0
2
10000000586
u586
1
1
1
1
1
1
1
1
1
0
2
10000000587
u587
1
1
1
1
1
1
1
1
1
0
2
10000000588
u588
1
1
1
1
1
1
1
1
1
0
2
10000000589
u589
1
1
1
1
1
1
1
1
1
0
2
10000000590
u590
1
1
1
1
1
1
1
1
1
0
2
10000000591
u591
1
1
1
1
1
1
1
1
1
0
2
10000000592
u592
1
1
1
1
1
1
1
1
1
0
2
10000000593
u593
1
1
1
1
1
1
1
1
1
0
2
10000000594
u594
1
1
1
1
1
1
1
1
1
0
2
10000000595
u595
1
1
1
1
1
1
1
1
1
0
2
10000000596
u596
1
1
1
1
1
1
1
1
1
0
2
10000000597
u597
1
1
1
1
1
1
1
1
1
0
2
10000000598
u598
1
1
1
1
1
1
1
1
1
0
2
10000000599
u599
1
1
1
1
1
1
1
1
1
0
2
10000000600
u600
1
1
1
1
1
1
1
1
1
0
2
10000000601
u601
1
1
1
1
1
1
1
1
1
0
2
10000000602
u602
1
1
1
1
1
1
1
1
1
0
2
10000000603
u603
1
1
1
1
1
1
1
1
1
0
2
10000000604
u604
1
1
1
1
1
1
1
1
1
0
2
10000000605
u605
1
1
1
1
1
1
1
1
1
0
2
10000000606
u606
1
1
1
1
1
1
1
1
1
0
2
10000000607
u607
1
1
1
1
1
1
1
1
1
0
2
10000000608
u608
1
1
1
1
1
1
1
1
1
0
2
10000000609
u609
1
1
1
1
1
1
1
1
1
0
2
10000000610
u610
1
1
1
1
1
1
1
1
1
0
2
10000000611
u611
1
1
1
1
1
1
1
1
1
0
2
10000000612
u612
1
1
1
1
1
1
1
1
1
0
2
10000000613
u613
1
1
1
1
1
1
1
1
1
0
2
10000000614
u614
1
1
1
1
1
1
1
1
1
0
2
10000000615
u615
1
1
1
1
1
1
1
1
1
0
2
10000000616
u616
1
1
1
1
1
1
1
1
1
0
2
10000000617
u617
1
1
1
1
1
1
1
1
1
0
2
10000000618
u618
1
1
1
1
1
1
1
1
1
0
2
10000000619
u619
1
1
1
1
1
1
1
1
1
0
2
10000000620
u620
1
1
1
1
1
1
1
1
1
0
2
10000000621
u621
1
1
1
1
1
1
1
1
1
0
2
10000000622
u622
1
1
1
1
1
1
1
1
1
0
2
10000000623
u623
1
1
1
1
1
1
1
1
1
0
2
10000000624
u624
1
1
1
1
1
1
1
1
1
0
2
10000000625
u625
1
1
1
1
1
1
1
1
1
0
2
10000000626
u626
1
1
1
1
1
1
1
1
1
0
2
10000000627
u627
1
1
1
1
1
1
1
1
1
0
2
10000000628
u628
1
1
1
1
1
1
1
1
1
0
2
10000000629
u629
1
1
1
1
1
1
1
1
1
0
2
10000000630
u630
1
1
1
1
1
1
1
1
1
0
2
10000000631
u631
1
1
1
1
1
1
1
1
1
0
2
10000000632
u632
1
1
1
1
1
1
1
1
1
0
2
10000000633
u633
1
1
1
1
1
1
1
1
1
0
2
10000000634
u634
1
1
1
1
1
1
1
1
1
0
2
10000000635
u635
1
1
1
1
1
1
1
1
1
0
2
10000000636
u636
1
1
1
1
1
1
1
1
1
0
2
10000000637
u637
1
1
1
1
1
1
1
1
1
0
2
10000000638
u638
1
1
1
1
1
1
1
1
1
0
2
10000000639
u639
1
1
1
1
1
1
1
1
1
0
2
10000000640
u640
1
1
1
1
1
1
1
1
1
0
2
10000000641
u641
1
1
1
1
1
1
1
1
1
0
2
10000000642
u642
1
1
1
1
1
1
1
1
1
0
2
10000000643
u643
1
1
1
1
1
1
1
1
1
0
2
10000000644
u644
1
1
1
1
1
1
1
1
1
0
2
10000000645
u645
1
1
1
1
1
1
1
1
1
0
2
10000000646
u646
1
1
1
1
1
1
1
1
1
0
2
10000000647
u647
1
1
1
1
1
1
1
1
1
0
2
10000000648
u648
1
1
1
1
1
1
1
1
1
0
2
10000000649
u649
1
1
1
1
1
1
1
1
1
0
2
10000000650
u650
1
1
1
1
1
1
1
1
1
0
2
10000000651
u651
1
1
1
1
1
1
1
1
1
0
2
10000000652
u652
1
1
1
1
1
1
1
1
1
0
2
10000000653
u653
1
1
1
1
1
1
1
1
1
0
2
10000000654
u654
1
1
1
1
1
1
1
1
1
0
2
10000000655
u655
1
1
1
1
1
1
1
1
1
0
2
10000000656
u656
1
1
1
1
1
1
1
1
1
0
2
10000000657
u657
1
1
1
1
1
1
1
1
1
0
2
10000000658
u658
1
1
1
1
1
1
1
1
1
0
2
10000000659
u659
1
1
1
1
1
1
1
1
1
0
2
10000000660
u660
1
1
1
1
1
1
1
1
1
0
2
10000000661
u661
1
1
1
1
1
1
1
1
1
0
2
10000000662
u662
1
1
1
1
1
1
1
1
1
0
2
10000000663
u663
1
1
1
1
1
1
1
1
1
0
2
10000000664
u664
1
1
1
1
1
1
1
1
1
0
2
10000000665
u665
1
1
1
1
1
1
1
1
1
0
2
10000000666
u666
1
1
1
1
1
1
1
1
1
0
2
10000000667
u667
1
1
1
1
1
1
1
1
1
0
2
10000000668
u668
1
1
1
1
1
1
1
1
1
0
2
10000000669
u669
1
1
1
1
1
1
1
1
1
0
2
10000000670
u670
1
1
1
1
1
1
1
1
1
0
2
10000000671
u671
1
1
1
1
1
1
1
1
1
0
2
10000000672
u672
1
1
1
1
1
1
1
1
1
0
2
10000000673
u673
1
1
1
1
1
1
1
1
1
0
2
10000000674
u674
1
1
1
1
1
1
1
1
1
0
2
10000000675
u675
1
1
1
1
1
1
1
1
1
0
2
10000000676
u676
1
1
1
1
1
1
1
1
1
0
2
10000000677
u677
1
1
1
1
1
1
1
1
1
0
2
10000000678
u678
1
1
1
1
1
1
1
1
1
0
2
10000000679
u679
1
1
1
1
1
1
1
1
1
0
2
10000000680
u680
1
1
1
1
1
1
1
1
1
0
2
10000000681
u681
1
1
1
1
1
1
1
1
1
0
2
10000000682
u682
1
1
1
1
1
1
1
1
1
0
2
10000000683
u683
1
1
1
1
1
1
1
1
1
0
2
10000000684
u684
1
1
1
1
1
1
1
1
1
0
2
10000000685
u685
1
1
1
1
1
1
1
1
1
0
2
10000000686
u686
1
1
1
1
1
1
1
1
1
0
2
10000000687
u687
1
1
1
1
1
1
1
1
1
0
2
10000000688
u688
1
1
1
1
1
1
1
1
1
0
2
10000000689
u689
1
1
1
1
1
1
1
1
1
0
2
10000000690
u690
1
1
1
1
1
1
1
1
1
0
2
10000000691
u691
1
1
1
1
1
1
1
1
1
0
2
10000000692
u692
1
1
1
1
1
1
1
1
1
0
2
10000000693
u693
1
1
1
1
1
1
1
1
1
0
2
10000000694
u694
1
1
1
1
1
1
1
1
1
0
2
10000000695
u695
1
1
1
1
1
1
1
1
1
0
2
10000000696
u696
1
1
1
1
1
1
1
1
1
0
2
10000000697
u697
1
1
1
1
1
1
1
1
1
0
2
10000000698
u698
1
1
1
1
1
1
1
1
1
0
2
10000000699
u699
1
1
1
1
1
1
1
1
1
0
2
10000000700
u700
1
1
1
1
1
1
1
1
1
0
2
10000000701
u701
1
1
1
1
1
1
1
1
1
0
2
10000000702
u702
1
1
1
1
1
1
1
1
1
0
2
10000000703
u703
1
1
1
1
1
1
1
1
1
0
2
10000000704
u704
1
1
1
1
1
1
1
1
1
0
2
10000000705
u705
1
1
1
1
1
1
1
1
1
0
2
10000000706
u706
1
1
1
1
1
1
1
1
1
0
2
10000000707
u707
1
1
1
1
1
1
1
1
1
0
2
10000000708
u708
1
1
1
1
1
1
1
1
1
0
2
10000000709
u709
1
1
1
1
1
1
1
1
1
0
2
10000000710
u710
1
1
1
1
1
1
1
1
1
0
2
10000000711
u711
1
1
1
1
1
1
1
1
1
0
2
10000000712
u712
1
1
1
1
1
1
1
1
1
0
2
10000000713
u713
1
1
1
1
1
1
1
1
1
0
2
10000000714
u714
1
1
1
1
1
1
1
1
1
0
2
10000000715
u715
1
1
1
1
1
1
1
1
1
0
2
10000000716
u716
1
1
1
1
1
1
1
1
1
0
2
10000000717
u717
1
1
1
1
1
1
1
1
1
0
2
10000000718
u718
1
1
1
1
1
1
1
1
1
0
2
10000000719
u719
1
1
1
1
1
1
1
1
1
0
2
10000000720
u720
1
1
1
1
1
1
1
1
1
0
2
10000000721
u721
1
1
1
1
1
1
1
1
1
0
2
10000000722
u722
1
1
1
1
1
1
1
1
1
0
2
10000000723
u723
1
1
1
1
1
1
1
1
1
0
2
10000000724
u724
1
1
1
1
1
1
1
1
1
0
2
10000000725
u725
1
1
1
1
1
1
1
1
1
0
2
10000000726
u726
1
1
1
1
1
1
1
1
1
0
2
10000000727
u727
1
1
1
1
1
1
1
1
1
0
2
10000000728
u728
1
1
1
1
1
1
1
1
1
0
2
10000000729
u729
1
1
1
1
1
1
1
1
1
0
2
10000000730
u730
1
1
1
1
1
1
1
1
1
0
2
10000000731
u731
1
1
1
1
1
1
1
1
1
0
2
10000000732
u732
1
1
1
1
1
1
1
1
1
0
2
10000000733
u733
1
1
1
1
1
1
1
1
1
0
2
10000000734
u734
1
1
1
1
1
1
1
1
1
0
2
10000000735
u735
1
1
1
1
1
1
1
1
1
0
2
10000000736
u736
1
1
1
1
1
1
1
1
1
0
2
10000000737
u737
1
1
1
1
1
1
1
1
1
0
2
10000000738
u738
1
1
1
1
1
1
1
1
1
0
2
10000000739
u739
1
1
1
1
1
1
1
1
1
0
2
10000000740
u740
1
1
1
1
1
1
1
1
1
0
2
10000000741
u741
1
1
1
1
1
1
1
1
1
0
2
10000000742
u742
1
1
1
1
1
1
1
1
1
0
2
10000000743
u743
1
1
1
1
1
1
1
1
1
0
2
10000000744
u744
1
1
1
1
1
1
1
1
1
0
2
10000000745
u745
1
1
1
1
1
1
1
1
1
0
2
10000000746
u746
1
1
1
1
1
1
1
1
1
0
2
10000000747
u747
1
1
1
1
1
1
1
1
1
0
2
10000000748
u748
1
1
1
1
1
1
1
1
1
0
2
10000000749
u749
1
1
1
1
1
1
1
1
1
0
2
10000000750
u750
1
1
1
1
1
1
1
1
1
0
2
10000000751
u751
1
1
1
1
1
1
1
1
1
0
2
10000000752
u752
1
1
1
1
1
1
1
1
1
0
2
10000000753
u753
1
1
1
1
1
1
1
1
1
0
2
10000000754
u754
1
1
1
1
1
1
1
1
1
0
2
10000000755
u755
1
1
1
1
1
1
1
1
1
0
2
10000000756
u756
1
1
1
1
1
1
1
1
1
0
2
10000000757
u757
1
1
1
1
1
1
1
1
1
0
2
10000000758
u758
1
1
1
1
1
1
1
1
1
0
2
10000000759
u759
1
1
1
1
1
1
1
1
1
0
2
10000000760
u760
1
1
1
1
1
1
1
1
1
0
2
10000000761
u761
1
1
1
1
1
1
1
1
1
0
2
10000000762
u762
1
1
1
1
1
1
1
1
1
0
2
10000000763
u763
1
1
1
1
1
1
1
1
1
0
2
10000000764
u764
1
1
1
1
1
1
1
1
1
0
2
10000000765
u765
1
1
1
1
1
1
1
1
1
0
2
10000000766
u766
1
1
1
1
1
1
1
1
1
0
2
10000000767
u767
1
1
1
1
1
1
1
1
1
0
2
10000000768
u768
1
1
1
1
1
1
1
1
1
0
2
10000000769
u769
1
1
1
1
1
1
1
1
1
0
2
10000000770
u770
1
1
1
1
1
1
1
1
1
0
2
10000000771
u771
1
1
1
1
1
1
1
1
1
0
2
10000000772
u772
1
1
1
1
1
1
1
1
1
0
2
10000000773
u773
1
1
1
1
1
1
1
1
1
0
2
10000000774
u774
1
1
1
1
1
1
1
1
1
0
2
10000000775
u775
1
1
1
1
1
1
1
1
1
0
2
10000000776
u776
1
1
1
1
1
1
1
1
1
0
2
10000000777
u777
1
1
1
1
1
1
1
1
1
0
2
10000000778
u778
1
1
1
1
1
1
1
1
1
0
2
10000000779
u779
1
1
1
1
1
1
1
1
1
0
2
10000000780
u780
1
1
1
1
1
1
1
1
1
0
2
10000000781
u781
1
1
1
1
1
1
1
1
1
0
2
10000000782
u782
1
1
1
1
1
1
1
1
1
0
2
10000000783
u783
1
1
1
1
1
1
1
1
1
0
2
10000000784
u784
1
1
1
1
1
1
1
1
1
0
2
10000000785
u785
1
1
1
1
1
1
1
1
1
0
2
10000000786
u786
1
1
1
1
1
1
1
1
1
0
2
10000000787
u787
1
1
1
1
1
1
1
1
1
0
2
10000000788
u788
1
1
1
1
1
1
1
1
1
0
2
10000000789
u789
1
1
1
1
1
1
1
1
1
0
2
10000000790
u790
1
1
1
1
1
1
1
1
1
0
2
10000000791
u791
1
1
1
1
1
1
1
1
1
0
2
10000000792
u792
1
1
1
1
1
1
1
1
1
0
2
10000000793
u793
1
1
1
1
1
1
1
1
1
0
2
10000000794
u794
1
1
1
1
1
1
1
1
1
0
2
10000000795
u795
1
1
1
1
1
1
1
1
1
0
2
10000000796
u796
1
1
1
1
1
1
1
1
1
0
2
10000000797
u797
1
1
1
1
1
1
1
1
1
0
2
10000000798
u798
1
1
1
1
1
1
1
1
1
0
2
10000000799
u799
1
1
1
1
1
1
1
1
1
0
2
10000000800
u800
1
1
1
1
1
1
1
1
1
0
2
10000000801
u801
1
1
1
1
1
1
1
1
1
0
2
10000000802
u802
1
1
1
1
1
1
1
1
1
0
2
10000000803
u803
1
1
1
1
1
1
1
1
1
0
2
10000000804
u804
1
1
1
1
1
1
1
1
1
0
2
10000000805
u805
1
1
1
1
1
1
1
1
1
0
2
10000000806
u806
1
1
1
1
1
1
1
1
1
0
2
10000000807
u807
1
1
1
1
1
1
1
1
1
0
2
10000000808
u808
1
1
1
1
1
1
1
1
1
0
2
10000000809
u809
1
1
1
1
1
1
1
1
1
0
2
10000000810
u810
1
1
1
1
1
1
1
1
1
0
2
10000000811
u811
1
1
1
1
1
1
1
1
1
0
2
10000000812
u812
1
1
1
1
1
1
1
1
1
0
2
10000000813
u813
1
1
1
1
1
1
1
1
1
0
2
10000000814
u814
1
1
1
1
1
1
1
1
1
0
2
10000000815
u815
1
1
1
1
1
1
1
1
1
0
2
10000000816
u816
1
1
1
1
1
1
1
1
1
0
2
10000000817
u817
1
1
1
1
1
1
1
1
1
0
2
10000000818
u818
1
1
1
1
1
1
1
1
1
0
2
10000000819
u819
1
1
1
1
1
1
1
1
1
0
2
10000000820
u820
1
1
1
1
1
1
1
1
1
0
2
10000000821
u821
1
1
1
1
1
1
1
1
1
0
2
10000000822
u822
1
1
1
1
1
1
1
1
1
0
2
10000000823
u823
1
1
1
1
1
1
1
1
1
0
2
10000000824
u824
1
1
1
1
1
1
1
1
1
0
2
10000000825
u825
1
1
1
1
1
1
1
1
1
0
2
10000000826
u826
1
1
1
1
1
1
1
1
1
0
2
10000000827
u827
1
1
1
1
1
1
1
1
1
0
2
10000000828
u828
1
1
1
1
1
1
1
1
1
0
2
10000000829
u829
1
1
1
1
1
1
1
1
1
0
2
10000000830
u830
1
1
1
1
1
1
1
1
1
0
2
10000000831
u831
1
1
1
1
1
1
1
1
1
0
2
10000000832
u832
1
1
1
1
1
1
1
1
1
0
2
10000000833
u833
1
1
1
1
1
1
1
1
1
0
2
10000000834
u834
1
1
1
1
1
1
1
1
1
0
2
10000000835
u835
1
1
1
1
1
1
1
1
1
0
2
10000000836
u836
1
1
1
1
1
1
1
1
1
0
2
10000000837
u837
1
1
1
1
1
1
1
1
1
0
2
10000000838
u838
1
1
1
1
1
1
1
1
1
0
2
10000000839
u839
1
1
1
1
1
1
1
1
1
0
2
10000000840
u840
1
1
1
1
1
1
1
1
1
0
2
10000000841
u841
1
1
1
1
1
1
1
1
1
0
2
10000000842
u842
1
1
1
1
1
1
1
1
1
0
2
10000000843
u843
1
1
1
1
1
1
1
1
1
0
2
10000000844
u844
1
1
1
1
1
1
1
1
1
0
2
10000000845
u845
1
1
1
1
1
1
1
1
1
0
2
10000000846
u846
1
1
1
1
1
1
1
1
1
0
2
10000000847
u847
1
1
1
1
1
1
1
1
1
0
2
10000000848
u848
1
1
1
1
1
1
1
1
1
0
2
10000000849
u849
1
1
1
1
1
1
1
1
1
0
2
10000000850
u850
1
1
1
1
1
1
1
1
1
0
2
10000000851
u851
1
1
1
1
1
1
1
1
1
0
2
10000000852
u852
1
1
1
1
1
1
1
1
1
0
2
10000000853
u853
1
1
1
1
1
1
1
1
1
0
2
10000000854
u854
1
1
1
1
1
1
1
1
1
0
2
10000000855
u855
1
1
1
1
1
1
1
1
1
0
2
10000000856
u856
1
1
1
1
1
1
1
1
1
0
2
10000000857
u857
1
1
1
1
1
1
1
1
1
0
2
10000000858
u858
1
1
1
1
1
1
1
1
1
0
2
10000000859
u859
1
1
1
1
1
1
1
1
1
0
2
10000000860
u860
1
1
1
1
1
1
1
1
1
0
2
10000000861
u861
1
1
1
1
1
1
1
1
1
0
2
10000000862
u862
1
1
1
1
1
1
1
1
1
0
2
10000000863
u863
1
1
1
1
1
1
1
1
1
0
2
10000000864
u864
1
1
1
1
1
1
1
1
1
0
2
10000000865
u865
1
1
1
1
1
1
1
1
1
0
2
10000000866
u866
1
1
1
1
1
1
1
1
1
0
2
10000000867
u867
1
1
1
1
1
1
1
1
1
0
2
10000000868
u868
1
1
1
1
1
1
1
1
1
0
2
10000000869
u869
1
1
1
1
1
1
1
1
1
0
2
10000000870
u870
1
1
1
1
1
1
1
1
1
0
2
10000000871
u871
1
1
1
1
1
1
1
1
1
0
2
10000000872
u872
1
1
1
1
1
1
1
1
1
0
2
10000000873
u873
1
1
1
1
1
1
1
1
1
0
2
10000000874
u874
1
1
1
1
1
1
1
1
1
0
2
10000000875
u875
1
1
1
1
1
1
1
1
1
0
2
10000000876
u876
1
1
1
1
1
1
1
1
1
0
2
10000000877
u877
1
1
1
1
1
1
1
1
1
0
2
10000000878
u878
1
1
1
1
1
1
1
1
1
0
2
10000000879
u879
1
1
1
1
1
1
1
1
1
0
2
10000000880
u880
1
1
1
1
1
1
1
1
1
0
2
10000000881
u881
1
1
1
1
1
1
1
1
1
0
2
10000000882
u882
1
1
1
1
1
1
1
1
1
0
2
10000000883
u883
1
1
1
1
1
1
1
1
1
0
2
10000000884
u884
1
1
1
1
1
1
1
1
1
0
2
10000000885
u885
1
1
1
1
1
1
1
1
1
0
2
10000000886
u886
1
1
1
1
1
1
1
1
1
0
2
10000000887
u887
1
1
1
1
1
1
1
1
1
0
2
10000000888
u888
1
1
1
1
1
1
1
1
1
0
2
10000000889
u889
1
1
1
1
1
1
1
1
1
0
2
10000000890
u890
1
1
1
1
1
1
1
1
1
0
2
10000000891
u891
1
1
1
1
1
1
1
1
1
0
2
10000000892
u892
1
1
1
1
1
1
1
1
1
0
2
10000000893
u893
1
1
1
1
1
1
1
1
1
0
2
10000000894
u894
1
1
1
1
1
1
1
1
1
0
2
10000000895
u895
1
1
1
1
1
1
1
1
1
0
2
10000000896
u896
1
1
1
1
1
1
1
1
1
0
2
10000000897
u897
1
1
1
1
1
1
1
1
1
0
2
10000000898
u898
1
1
1
1
1
1
1
1
1
0
2
10000000899
u899
1
1
1
1
1
1
1
1
1
0
2
10000000900
u900
1
1
1
1
1
1
1
1
1
0
2
10000000901
u901
1
1
1
1
1
1
1
1
1
0
2
10000000902
u902
1
1
1
1
1
1
1
1
1
0
2
10000000903
u903
1
1
1
1
1
1
1
1
1
0
2
10000000904
u904
1
1
1
1
1
1
1
1
1
0
2
10000000905
u905
1
1
1
1
1
1
1
1
1
0
2
10000000906
u906
1
1
1
1
1
1
1
1
1
0
2
10000000907
u907
1
1
1
1
1
1
1
1
1
0
2
10000000908
u908
1
1
1
1
1
1
1
1
1
0
2
10000000909
u909
1
1
1
1
1
1
1
1
1
0
2
10000000910
u910
1
1
1
1
1
1
1
1
1
0
2
10000000911
u911
1
1
1
1
1
1
1
1
1
0
2
10000000912
u912
1
1
1
1
1
1
1
1
1
0
2
10000000913
u913
1
1
1
1
1
1
1
1
1
0
2
10000000914
u914
1
1
1
1
1
1
1
1
1
0
2
10000000915
u915
1
1
1
1
1
1
1
1
1
0
2
10000000916
u916
1
1
1
1
1
1
1
1
1
0
2
10000000917
u917
1
1
1
1
1
1
1
1
1
0
2
10000000918
u918
1
1
1
1
1
1
1
1
1
0
2
10000000919
u919
1
1
1
1
1
1
1
1
1
0
2
10000000920
u920
1
1
1
1
1
1
1
1
1
0
2
10000000921
u921
1
1
1
1
1
1
1
1
1
0
2
10000000922
u922
1
1
1
1
1
1
1
1
1
0
2
10000000923
u923
1
1
1
1
1
1
1
1
1
0
2
10000000924
u924
1
1
1
1
1
1
1
1
1
0
2
10000000925
u925
1
1
1
1
1
1
1
1
1
0
2
10000000926
u926
1
1
1
1
1
1
1
1
1
0
2
10000000927
u927
1
1
1
1
1
1
1
1
1
0
2
10000000928
u928
1
1
1
1
1
1
1
1
1
0
2
10000000929
u929
1
1
1
1
1
1
1
1
1
0
2
10000000930
u930
1
1
1
1
1
1
1
1
1
0
2
10000000931
u931
1
1
1
1
1
1
1
1
1
0
2
10000000932
u932
1
1
1
1
1
1
1
1
1
0
2
10000000933
u933
1
1
1
1
1
1
1
1
1
0
2
10000000934
u934
1
1
1
1
1
1
1
1
1
0
2
10000000935
u935
1
1
1
1
1
1
1
1
1
0
2
10000000936
u936
1
1
1
1
1
1
1
1
1
0
2
10000000937
u937
1
1
1
1
1
1
1
1
1
0
2
10000000938
u938
1
1
1
1
1
1
1
1
1
0
2
10000000939
u939
1
1
1
1
1
1
1
1
1
0
2
10000000940
u940
1
1
1
1
1
1
1
1
1
0
2
10000000941
u941
1
1
1
1
1
1
1
1
1
0
2
10000000942
u942
1
1
1
1
1
1
1
1
1
0
2
10000000943
u943
1
1
1
1
1
1
1
1
1
0
2
10000000944
u944
1
1
1
1
1
1
1
1
1
0
2
10000000945
u945
1
1
1
1
1
1
1
1
1
0
2
10000000946
u946
1
1
1
1
1
1
1
1
1
0
2
10000000947
u947
1
1
1
1
1
1
1
1
1
0
2
10000000948
u948
1
1
1
1
1
1
1
1
1
0
2
10000000949
u949
1
1
1
1
1
1
1
1
1
0
2
10000000950
u950
1
1
1
1
1
1
1
1
1
0
2
10000000951
u951
1
1
1
1
1
1
1
1
1
0
2
10000000952
u952
1
1
1
1
1
1
1
1
1
0
2
10000000953
u953
1
1
1
1
1
1
1
1
1
0
2
10000000954
u954
1
1
1
1
1
1
1
1
1
0
2
10000000955
u955
1
1
1
1
1
1
1
1
1
0
2
10000000956
u956
1
1
1
1
1
1
1
1
1
0
2
10000000957
u957
1
1
1
1
1
1
1
1
1
0
2
10000000958
u958
1
1
1
1
1
1
1
1
1
0
2
10000000959
u959
1
1
1
1
1
1
1
1
1
0
2
10000000960
u960
1
1
1
1
1
1
1
1
1
0
2
10000000961
u961
1
1
1
1
1
1
1
1
1
0
2
10000000962
u962
1
1
1
1
1
1
1
1
1
0
2
10000000963
u963
1
1
1
1
1
1
1
1
1
0
2
10000000964
u964
1
1
1
1
1
1
1
1
1
0
2
10000000965
u965
1
1
1
1
1
1
1
1
1
0
2
10000000966
u966
1
1
1
1
1
1
1
1
1
0
2
10000000967
u967
1
1
1
1
1
1
1
1
1
0
2
10000000968
u968
1
1
1
1
1
1
1
1
1
0
2
10000000969
u969
1
1
1
1
1
1
1
1
1
0
2
10000000970
u970
1
1
1
1
1
1
1
1
1
0
2
10000000971
u971
1
1
1
1
1
1
1
1
1
0
2
10000000972
u972
1
1
1
1
1
1
1
1
1
0
2
10000000973
u973
1
1
1
1
1
1
1
1
1
0
2
10000000974
u974
1
1
1
1
1
1
1
1
1
0
2
10000000975
u975
1
1
1
1
1
1
1
1
1
0
2
10000000976
u976
1
1
1
1
1
1
1
1
1
0
2
10000000977
u977
1
1
1
1
1
1
1
1
1
0
2
10000000978
u978
1
1
1
1
1
1
1
1
1
0
2
10000000979
u979
1
1
1
1
1
1
1
1
1
0
2
10000000980
u980
1
1
1
1
1
1
1
1
1
0
2
10000000981
u981
1
1
1
1
1
1
1
1
1
0
2
10000000982
u982
1
1
1
1
1
1
1
1
1
0
2
10000000983
u983
1
1
1
1
1
1
1
1
1
0
2
10000000984
u984
1
1
1
1
1
1
1
1
1
0
2
10000000985
u985
1
1
1
1
1
1
1
1
1
0
2
10000000986
u986
1
1
1
1
1
1
1
1
1
0
2
10000000987
u987
1
1
1
1
1
1
1
1
1
0
2
10000000988
u988
1
1
1
1
1
1
1
1
1
0
2
10000000989
u989
1
1
1
1
1
1
1
1
1
0
2
10000000990
u990
1
1
1
1
1
1
1
1
1
0
2
10000000991
u991
1
1
1
1
1
1
1
1
1
0
2
10000000992
u992
1
1
1
1
1
1
1
1
1
0
2
10000000993
u993
1
1
1
1
1
1
1
1
1
0
2
10000000994
u994
1
1
1
1
1
1
1
1
1
0
2
10000000995
u995
1
1
1
1
1
1
1
1
1
0
2
10000000996
u996
1
1
1
1
1
1
1
1
1
0
2
10000000997
u997
1
1
1
1
1
1
1
1
1
0
2
10000000998
u998
1
1
1
1
1
1
1
1
1
0
2
10000000999
u999
1
1
1
1
1
1
1
1
1
0
2
10000001000
u1000
1
1
1
1
1
1
1
1
1
0
1
10000000045
1
0
0
